let data_location_km;
let data_save_location;

/**
 * 문서 로드 시 데이터 초기화 및 로드
 */
document.addEventListener("DOMContentLoaded", function() {
    data_location_km = loadData('kmData', data_location_km_default); // km 데이터를 로드하거나 기본값으로 설정
    data_save_location = loadData('kmLocation', "null"); // 저장된 위치 데이터를 로드하거나 기본값으로 설정
});

// 기본 km 데이터 설정
let data_location_km_default = {
  지원: {
    header: [
      "지원",
      "청주,청주시,시내,*구,*동",
      "낭성면,낭성",
      "미원면,미원",
      "가덕면, 가덕",
      "남일면,남일",
      "문의면,문의",
      "남이면, 남이",
      "현도면,현도",
      "오송읍,오송",
      "강내면,강내",
      "옥산면,옥산",
      "내수읍,내수",
      "오창읍,오창",
      "북이면,북이"
    ],
    km: [
      ['0', '4.85', '20.74', '26.83', '19.41', '12.61', '20.85', '13.8', '22.67', '14.87', '11.68', '9.95', '12.36', '12.58', '13.96'],
      ['4.85', '0', '14.33', '20.33', '14.42', '7.62', '15.86', '11.49', '20.36', '16.54', '13.34', '13.6', '11.1', '12.27', '15.18'],
      ['20.74', '14.33', '0', '5.84', '15.32', '14.86', '23.38', '22.49', '31.36', '32.24', '29.04', '28.09', '21.35', '25.12', '24.1'],
      ['26.83', '20.33', '5.84', '0', '14.56', '19.47', '22.32', '28.11', '32.28', '37.68', '34.48', '36.02', '20.69', '31.04', '20.44'],
      ['19.41', '14.42', '15.32', '14.56', '0', '6.89', '7.78', '15.53', '24.97', '25.1', '21.9', '23.44', '24.19', '37', '26.94'],
      ['12.61', '7.62', '14.86', '19.47', '6.89', '0', '8.33', '9.36', '18.23', '18.93', '15.73', '17.27', '17.59', '22.84', '20.16'],
      ['20.85', '15.86', '23.38', '22.32', '7.78', '8.33', '0', '11.49', '17.22', '26.64', '23.44', '24.98', '25.73', '38.54', '39.62'],
      ['13.8', '11.49', '22.49', '28.11', '15.53', '9.36', '11.49', '0', '8.98', '16.94', '13.74', '15.28', '34.35', '28.84', '35.52'],
      ['22.67', '20.36', '31.36', '32.28', '24.97', '18.23', '17.22', '8.98', '0', '28.41', '23.25', '29.04', '33.59', '40.53', '44.39'],
      ['14.87', '16.54', '32.24', '37.68', '25.1', '18.93', '26.64', '16.94', '28.41', '0', '3.81', '10.05', '27.93', '21.13', '30.22'],
      ['11.68', '13.34', '29.04', '34.48', '21.9', '15.73', '23.44', '13.74', '23.25', '3.81', '0', '8.44', '25.93', '19.52', '27.02'],
      ['9.95', '13.6', '28.09', '36.02', '23.44', '17.27', '24.98', '15.28', '29.04', '10.05', '8.44', '0', '19.43', '11.99', '21.03'],
      ['12.36', '11.1', '21.35', '20.69', '24.19', '17.59', '25.73', '34.35', '33.59', '27.93', '25.93', '19.43', '0', '11.87', '2.35'],
      ['12.58', '12.27', '25.12', '31.04', '37', '22.84', '38.54', '28.84', '40.53', '21.13', '19.52', '11.99', '11.87', '0', '13.13'],
      ['13.96', '15.18', '24.1', '20.44', '26.94', '20.16', '39.62', '35.52', '44.39', '30.22', '27.02', '21.03', '2.35', '13.13', '0']
    ]
  },
  음성: {
    header: [
      '사무소',
      '음성읍,음성',
      '소이면,소이',
      '원남면,원남',
      '금왕읍,금왕',
      '생극면,생극',
      '맹동면,맹동',
      '대소면,대소',
      '삼성면,삼성',
      '감곡면,감곡'
    ],
    km: [
      ['0', '0.5', '7.5', '8.3', '13.5', '16.4', '20.8', '26.5', '26.5', '29.8'],
      ['0.5', '0', '7.5', '9', '13.8', '16.7', '21.1', '27', '24.9', '30.1'],
      ['7.5', '7.5', '0', '14.3', '22.6', '25.4', '29.9', '35.6', '33.6', '39'],
      ['8.3', '9', '14.3', '0', '20.6', '23.5', '16.7', '25.2', '31.7', '36.9'],
      ['13.5', '13.8', '22.6', '20.6', '0', '5.7', '8.6', '10.7', '9.8', '19.2'],
      ['16.4', '16.7', '25.4', '23.5', '5.7', '0', '14.2', '16.1', '14.2', '13.7'],
      ['20.8', '21.1', '29.9', '16.7', '8.6', '14.2', '0', '9.7', '15.5', '27.7'],
      ['26.5', '27', '35.6', '25.2', '10.7', '16.1', '9.7', '0', '7.8', '28'],
      ['26.5', '24.9', '33.6', '31.7', '9.8', '14.2', '15.5', '7.8', '0', '25.7'],
      ['29.8', '30.1', '39', '36.9', '19.2', '13.7', '27.7', '28', '25.7', '0']
    ]
  },
  보은: {
    header: [
      '사무소', '보은읍,보은', '산외면,산외', '내북면,내북', '회인면,회인', '회남면,회남', '수한면,수한', '삼승면,삼승', '마로면,마로', '탄부면,탄부', '장안면,장안', '속리산면,속리산'
    ],
    km: [
      ['0', '1.4', '9.1', '15.8', '16.5', '19.5', '3.1', '11.5', '13', '13.9', '8.4', '11.2',],
      ['1.4', '0', '9.6', '16.3', '15.6', '18.6', '2.2', '11.8', '13.5', '14.2', '8.9', '11.5',],
      ['9.1', '9.6', '0', '11.8', '20', '31.1', '11.5', '19.5', '20', '21.9', '15.4', '14.3',],
      ['15.8', '16.3', '11.8', '0', '12.4', '19.3', '18.1', '26.1', '26.6', '29.2', '22', '24.7',],
      ['16.5', '15.6', '20', '12.4', '0', '6.9', '13.9', '22', '25.2', '25.8', '22.2', '27.1',],
      ['19.5', '18.6', '31.1', '19.3', '6.9', '0', '16.9', '30.5', '32.1', '32.6', '27.5', '30.1',],
      ['3.1', '2.2', '11.5', '18.1', '13.9', '16.9', '0', '15.5', '19.4', '15.9', '10.8', '13.4',],
      ['11.5', '11.8', '19.5', '26.1', '22', '30.5', '15.5', '0', '10', '7.7', '13.4', '21.4',],
      ['13', '13.5', '20', '26.6', '25.2', '32.1', '19.4', '10', '0', '2.6', '5.2', '16',],
      ['13.9', '14.2', '21.9', '29.2', '25.8', '32.6', '15.9', '7.7', '2.6', '0', '5.9', '16.4',],
      ['8.4', '8.9', '15.4', '22', '22.2', '27.5', '10.8', '13.4', '5.2', '5.9', '0', '10.4',],
      ['11.2', '11.5', '14.3', '24.7', '27.1', '30.1', '13.4', '21.4', '16', '16.4', '10.4', '0',],
    ]
  },
  제천단양: {
    header: [
      "사무소",
      "제천,제천시,*동",
      "송학면,송학",
      "봉양읍,봉양",
      "백운면,백운",
      "금성면,금성",
      "청풍면,청풍",
      "수산면,수산",
      "덕산면,덕산",
      "한수면,한수",
      "어상천면,어상천",
      "영춘면,영춘",
      "가곡면,가곡",
      "매포읍,매포",
      "적성면,적성",
      "단양군,단양읍,단양",
      "단성면,단성",
      "대강면,대강"
    ],
    km: [
      ['0', '0.0001', '8.9', '7.9', '17.2', '11.2', '21.8', '33.5', '39.1', '53.9', '18.8', '42.5', '30.3', '18.4', '29.1', '27.4', '34.7', '39.3',],
      ['0.0001', '0', '8.9', '7.9', '17.2', '11.2', '21.8', '33.5', '39.1', '53.9', '18.8', '42.5', '30.3', '18.4', '29.1', '27.4', '34.7', '39.3',],
      ['8.9', '8.9', '0', '16.9', '25.7', '22.7', '33.3', '45', '50.6', '65.5', '22.6', '36.2', '34.1', '24.7', '35', '34', '41.3', '41.7',],
      ['7.9', '7.9', '16.9', '0', '9.5', '13.7', '24.2', '36', '41.6', '56.4', '28.5', '51.9', '38.3', '24.8', '33.3', '34.6', '41.4', '39.4',],
      ['17.2', '17.2', '25.7', '9.5', '0', '23.1', '33.6', '45.4', '51', '56', '37.9', '61.2', '47.7', '34.2', '42.7', '44', '47.7', '48.8',],
      ['11.2', '11.2', '22.7', '13.7', '23.1', '0', '10.7', '22.5', '28', '42.9', '28.8', '45.9', '32.2', '19.9', '27.2', '28.5', '32.2', '33.4',],
      ['21.8', '21.8', '33.3', '24.2', '33.6', '10.7', '0', '11.9', '17.5', '32.3', '40.3', '41.1', '27.4', '15.2', '22', '26.7', '28.2', '31.1',],
      ['33.5', '33.5', '45', '36', '45.4', '22.5', '11.9', '0', '6.3', '21.1', '46', '48.1', '34.5', '32.8', '21.2', '27.5', '16.3', '19.3',],
      ['39.1', '39.1', '50.6', '41.6', '51', '28', '17.5', '6.3', '0', '16.1', '52.4', '54.5', '40.8', '39.2', '27.5', '33.9', '22.7', '25.7',],
      ['53.9', '53.9', '65.5', '56.4', '56', '42.9', '32.3', '21.1', '16.1', '0', '67.2', '69.3', '55.6', '54', '42.4', '48.7', '37.5', '40.5',],
      ['18.8', '18.8', '22.6', '28.5', '37.9', '28.8', '40.3', '46', '52.4', '67.2', '0', '17.8', '11.6', '15.5', '35.1', '18.8', '32.5', '32.8',],
      ['42.5', '42.5', '36.2', '51.9', '61.2', '45.9', '41.1', '48.1', '54.5', '69.3', '17.8', '0', '13.8', '27.3', '37.2', '20.9', '32.1', '32.5',],
      ['30.3', '30.3', '34.1', '38.3', '47.7', '32.2', '27.4', '34.5', '40.8', '55.6', '11.6', '13.8', '0', '13.7', '23.6', '7.3', '18.5', '18.9',],
      ['18.4', '18.4', '24.7', '24.8', '34.2', '19.9', '15.2', '32.8', '39.2', '54', '15.5', '27.3', '13.7', '0', '12', '9.5', '16.9', '17.2',],
      ['29.1', '29.1', '35', '33.3', '42.7', '27.2', '22', '21.2', '27.5', '42.4', '35.1', '37.2', '23.6', '12', '0', '16.5', '5.2', '8.5',],
      ['27.4', '27.4', '34', '34.6', '44', '28.5', '26.7', '27.5', '33.9', '48.7', '18.8', '20.9', '7.3', '9.5', '16.5', '0', '11.5', '11.9',],
      ['34.7', '34.7', '41.3', '41.4', '47.7', '32.2', '28.2', '16.3', '22.7', '37.5', '32.5', '32.1', '18.5', '16.9', '5.2', '11.5', '0', '3.3',],
      ['39.3', '39.3', '41.7', '39.4', '48.8', '33.4', '31.1', '19.3', '25.7', '40.5', '32.8', '32.5', '18.9', '17.2', '8.5', '11.9', '3.3', '0',],

    ],
    분소: {
      header: [
        "사무소",
        "어상천면,어상천",
        "영춘면,영춘",
        "가곡면,가곡",
        "매포읍,매포",
        "적성면,적성",
        "단양군,단양읍,단양",
        "단성면,단성",
        "대강면,대강",
        "제천,제천시,*동"
      ],
      km: [
        ['0', '21.4', '23.7', '10', '4.3', '18.6', '6.2', '13.5', '13.9', '22.1',],
        ['21.4', '0', '17.8', '11.6', '15.5', '35.1', '18.8', '32.5', '32.8', '18.8',],
        ['23.7', '17.8', '0', '13.8', '27.3', '37.2', '20.9', '32.1', '32.5', '42.5',],
        ['10', '11.6', '13.8', '0', '13.7', '23.6', '7.3', '18.5', '18.9', '30.3',],
        ['4.3', '15.5', '27.3', '13.7', '0', '12', '9.5', '16.9', '17.2', '18.4',],
        ['18.6', '35.1', '37.2', '23.6', '12', '0', '16.6', '5.2', '8.5', '29.1',],
        ['6.2', '18.8', '20.9', '7.3', '9.5', '16.6', '0', '11.5', '11.9', '27.4',],
        ['13.5', '32.5', '32.1', '18.5', '16.9', '5.2', '11.5', '0', '3.3', '34.7',],
        ['13.9', '32.8', '32.5', '18.9', '17.2', '8.5', '11.9', '3.3', '0', '39.3',],
        ['22.1', '18.8', '42.5', '30.3', '18.4', '29.1', '27.4', '34.7', '39.3', '0',],

      ]
    }
  },
  충주: {
    header: [
      '사무소',
      '충주,충주시,충주시 일원,시내,*동',
      '주덕읍,주덕', '대소원면,대소원',
      '금가면,금가',
      '중앙탑면,중앙탑',
      '신니면,신니',
      '살미면,살미',
      '동량면,동량',
      '산척면,산척',
      '엄정면,엄정',
      '앙성면,앙성',
      '수안보면,수안보',
      '소태면,소태',
      '노은면,노은'
    ],
    km: [
      ['0', '0.0001', '14', '12', '9', '10', '20', '12', '11', '15', '15', '29', '22', '25', '24',],
      ['0.0001', '0', '14', '12', '9', '10', '20', '12', '11', '15', '15', '29', '22', '25', '24',],
      ['14', '14', '0', '3.3', '21', '11', '6.1', '21', '23', '27', '22', '21', '31', '26', '13',],
      ['12', '12', '3.3', '0', '19', '7.5', '8.4', '19', '21', '25', '19', '24', '29', '21', '15',],
      ['9', '9', '21', '19', '0', '8.7', '30', '24', '5.3', '6.3', '8.1', '23', '34', '16', '23',],
      ['10', '10', '11', '7.5', '8.7', '0', '17', '21', '18', '14', '12', '19', '31', '14', '11',],
      ['20', '20', '6.1', '8.4', '30', '17', '0', '27', '29', '32', '33', '17', '37', '23', '7',],
      ['12', '12', '21', '19', '24', '21', '27', '0', '26', '30', '30', '45', '11', '38', '33',],
      ['11', '11', '23', '21', '5.3', '18', '29', '26', '0', '7.2', '13', '28', '36', '22', '27',],
      ['15', '15', '27', '25', '6.3', '14', '32', '30', '7.2', '0', '5.7', '22', '40', '15', '25',],
      ['15', '15', '22', '19', '8.1', '12', '33', '30', '13', '5.7', '0', '20', '41', '10', '22',],
      ['29', '29', '21', '24', '23', '19', '17', '45', '28', '22', '20', '0', '54', '19.5', '8.5',],
      ['22', '22', '31', '29', '34', '31', '37', '11', '36', '40', '41', '54', '0', '48.5', '40',],
      ['25', '25', '26', '21', '16', '14', '23', '38', '22', '15', '10', '19.5', '48.5', '0', '24',],
      ['24', '24', '13', '15', '23', '11', '7', '33', '27', '25', '22', '8.5', '40', '24', '0',],

    ]
  },
  진천: {
    header: [
      '사무소',
      '진천읍,진천',
      '광혜원면,광혜원',
      '덕산읍,덕산',
      '문백면,문백',
      '백곡면,백곡',
      '이월면,이월',
      '초평면,초평',
      '혁신도시'
    ],
    km: [
      ['0', '3.1', '18.2', '6.8', '12.8', '13.3', '8.7', '8.1', '9.9',],
      ['3.1', '0', '17.1', '10', '10.7', '12.2', '9.5', '10', '13.2',],
      ['18.2', '17.1', '0', '16.7', '25.4', '25.8', '8.2', '25.2', '21.3',],
      ['6.8', '10', '16.7', '0', '19.6', '20', '11.9', '8.6', '3.4',],
      ['12.8', '10.7', '25.4', '19.6', '0', '21.1', '17.8', '18.1', '25.1',],
      ['13.3', '12.2', '25.8', '20', '21.1', '0', '18.9', '20.2', '22.8',],
      ['8.7', '9.5', '8.2', '11.9', '17.8', '18.9', '0', '17.5', '14.3',],
      ['8.1', '10', '25.2', '8.6', '18.1', '20.2', '17.5', '0', '9.7',],
      ['9.9', '13.2', '21.3', '3.4', '25.1', '22.8', '14.3', '9.7', '0',],

    ]
  },
  괴산증평: {
    header: [
      '사무소',
      '괴산읍,괴산',
      '감물면,감물',
      '장연면,장연',
      '연풍면,연풍',
      '칠성면,칠성',
      '문광면,문광',
      '청천면,청천',
      '청안면,청안',
      '사리면,사리',
      '소수면,소수',
      '불정면,불정',
      '증평읍,증평',
      '도안면,도안'
    ],
    km: [
      ['0', '0.5', '9.9', '20.6', '23.2', '8.3', '2.6', '22.7', '18.7', '14.6', '9.1', '10.5', '22.1', '21.2',],
      ['0.5', '0', '9.5', '20.1', '22.8', '7.8', '2.8', '24.9', '19.3', '15.3', '7.2', '10', '22.8', '21.9',],
      ['9.9', '9.5', '0', '14.7', '22.5', '7.8', '11.6', '37.2', '29.3', '25.3', '15.8', '6.1', '32.8', '31.9',],
      ['20.6', '20.1', '14.7', '0', '14.8', '12.4', '22.4', '44.9', '39.6', '35.5', '26.1', '15.4', '43', '42.1',],
      ['23.2', '22.8', '22.5', '14.8', '0', '14.6', '24.7', '47.9', '41.8', '37.8', '28.3', '27.1', '45.3', '44.4',],
      ['8.3', '7.8', '7.8', '12.4', '14.6', '0', '10', '30', '27.8', '23.8', '14.3', '13.1', '31.3', '30.4',],
      ['2.6', '2.8', '11.6', '22.4', '24.7', '10', '0', '20.6', '18', '13.9', '10.4', '12.3', '21.4', '20.5',],
      ['22.7', '24.9', '37.2', '44.9', '47.9', '30', '20.6', '0', '21.1', '27.3', '27.4', '37.4', '27.3', '33.9',],
      ['18.7', '19.3', '29.3', '39.6', '41.8', '27.8', '18', '21.1', '0', '6.5', '19.5', '29.4', '6.7', '6.3',],
      ['14.6', '15.3', '25.3', '35.5', '37.8', '23.8', '13.9', '27.3', '6.5', '0', '15.4', '25.4', '10', '4.5',],
      ['9.1', '7.2', '15.8', '26.1', '28.3', '14.3', '10.4', '27.4', '19.5', '15.4', '0', '12.3', '22.9', '18.8',],
      ['10.5', '10', '6.1', '15.4', '27.1', '13.1', '12.3', '37.4', '29.4', '25.4', '12.3', '0', '32.9', '32',],
      ['22.1', '22.8', '32.8', '43', '45.3', '31.3', '21.4', '27.3', '6.7', '10', '22.9', '32.9', '0', '5.3',],
      ['21.2', '21.9', '31.9', '42.1', '44.4', '30.4', '20.5', '33.9', '6.3', '4.5', '18.8', '32', '5.3', '0',]

    ]
  },
  영동: {
    header: [
      '사무소',
      '영동읍',
      '용산면',
      '황간면',
      '추풍령면',
      '매곡면',
      '상촌면',
      '양강면',
      '용화면',
      '학산면',
      '양산면',
      '심천면'
    ],
    km: [
      ['0', '3.1', '14.2', '13.7', '20.9', '17.2', '16.7', '7.4', '32.5', '16.4', '19.3', '13.8',],
      ['3.1', '0', '14.2', '17.5', '24.9', '21.1', '20.7', '4.1', '27.1', '13', '14', '10.7',],
      ['14.2', '14.2', '0', '11', '20.2', '16.2', '18.7', '16.8', '39.9', '25.8', '26.7', '15.8',],
      ['13.7', '17.5', '11', '0', '9.2', '5.4', '11.1', '20.1', '39.6', '29', '30', '27.5',],
      ['20.89', '24.9', '20.2', '9.2', '0', '12.2', '17.9', '27.4', '46.4', '36.4', '37.4', '35.5',],
      ['17.2', '21.1', '16.2', '5.4', '12.2', '0', '5.7', '23.7', '34.3', '32.6', '33.6', '31.2',],
      ['16.7', '20.7', '18.7', '11.1', '17.9', '5.7', '0', '23.3', '28.5', '32.2', '33.2', '31.3',],
      ['7.4', '4.1', '16.8', '20.1', '27.4', '23.7', '23.3', '0', '24.4', '10.2', '11.2', '14.2',],
      ['32.5', '27.1', '39.9', '39.6', '46.4', '34.3', '28.5', '24.4', '0', '18.8', '21.7', '37',],
      ['16.4', '13', '25.8', '29', '36.4', '32.6', '32.2', '10.2', '18.8', '0', '3.3', '20.1',],
      ['19.3', '14', '26.7', '30', '37.4', '33.6', '33.2', '11.2', '21.7', '3.3', '0', '19.1',],
      ['13.8', '10.7', '15.8', '27.5', '35.5', '31.2', '31.3', '14.2', '37', '20.1', '19.1', '0',]

    ]
  },
  옥천: {
    header: [
      '사무소',
      '옥천읍,옥천',
      '동이면,등이',
      '이원면,이원',
      '군서면,군서',
      '군북면,군북',
      '안내면,안내',
      '안남면,안남',
      '청성면,청성',
      '청산면,청산',
    ],
    km: [
      ['0', '2.8', '3.2', '8.9', '9.8', '8', '16.5', '19.2', '22.2', '26.3',],
      ['2.8', '0', '5.8', '11.8', '7.1', '5.3', '15.3', '18', '24.8', '39.1',],
      ['3.2', '5.8', '0', '5.8', '12.8', '10.9', '19.5', '22.1', '20.6', '24.7',],
      ['8.9', '11.8', '5.8', '0', '17.2', '15.3', '29.5', '31.6', '30.9', '33.3',],
      ['9.8', '7.1', '12.8', '17.2', '0', '8.5', '20.3', '23', '39.6', '40.5',],
      ['8', '5.3', '10.9', '15.3', '8.5', '0', '18.6', '21.3', '37.9', '38.8',],
      ['16.5', '15.3', '19.5', '29.5', '20.3', '18.6', '0', '7.7', '19.4', '20.3',],
      ['19.2', '18', '22.1', '31.6', '23', '21.3', '7.7', '0', '26.9', '27.8',],
      ['22.2', '24.8', '20.6', '30.9', '39.6', '37.9', '19.4', '26.9', '0', '5.3',],
      ['26.3', '39.1', '24.7', '33.3', '40.5', '38.8', '20.3', '27.8', '5.3', '0',],
    ]
  },
};